0.000		0.431027		0.538993		0.538993		0.538993
0.001		0.431027		0.538993		0.538993		0.538993
0.002		0.505131		0.538993		0.538993		0.538993
0.003		0.519168		0.538993		0.538993		0.538993
0.004		0.515716		0.538993		0.538993		0.538993
0.005		0.526049		0.538993		0.538993		0.538993
0.006		0.535781		0.538993		0.538993		0.538993
0.007		0.528102		0.538993		0.538993		0.538993
0.008		0.531096		0.538993		0.538993		0.538993
0.009		0.532611		0.538993		0.538993		0.538993
0.01		0.538056		0.538993		0.538993		0.538993
0.011		0.537342		0.538993		0.538993		0.538993
0.012		0.535818		0.538993		0.538993		0.538993
0.013		0.536348		0.538993		0.538993		0.538993
0.014		0.537061		0.538993		0.538993		0.538993
0.015		0.539544		0.538993		0.538993		0.538993
0.016		0.541621		0.538993		0.538993		0.538993
0.017		0.540789		0.538993		0.538993		0.538993
0.018		0.540306		0.538993		0.538993		0.538993
0.019		0.540131		0.538993		0.538993		0.538993
0.02		0.540596		0.538993		0.538993		0.538993
0.021		0.541612		0.538993		0.538993		0.538993
0.022		0.543024		0.538993		0.538993		0.538993
0.023		0.544392		0.538993		0.538993		0.538993
0.024		0.544223		0.538993		0.538993		0.538993
0.025		0.543817		0.538993		0.538993		0.538993
0.026		0.543654		0.538993		0.538993		0.538993
0.027		0.543744		0.538993		0.538993		0.538993
0.028		0.544205		0.538993		0.538993		0.538993
0.029		0.545037		0.538993		0.538993		0.538993
0.03		0.545992		0.538993		0.538993		0.538993
0.031		0.546849		0.538993		0.538993		0.538993
0.032		0.547603		0.538993		0.538993		0.538993
0.033		0.547152		0.538993		0.538993		0.538993
0.034		0.546982		0.538993		0.538993		0.538993
0.035		0.54691		0.538993		0.538993		0.538993
0.036		0.547089		0.538993		0.538993		0.538993
0.037		0.547496		0.538993		0.538993		0.538993
0.038		0.548196		0.538993		0.538993		0.538993
0.039		0.548793		0.538993		0.538993		0.538993
0.04		0.54942		0.538993		0.538993		0.538993
0.041		0.550216		0.538993		0.538993		0.538993
0.042		0.550467		0.538993		0.538993		0.538993
0.043		0.550264		0.538993		0.538993		0.538993
0.044		0.55011		0.538993		0.538993		0.538993
0.045		0.550138		0.538993		0.538993		0.538993
0.046		0.550324		0.538993		0.538993		0.538993
0.047		0.550733		0.538993		0.538993		0.538993
0.048		0.551166		0.538993		0.538993		0.538993
0.049		0.551596		0.538993		0.538993		0.538993
0.05		0.552111		0.538993		0.538993		0.538993
0.051		0.552745		0.538993		0.538993		0.538993
0.052		0.553421		0.538993		0.538993		0.538993
0.053		0.553504		0.538993		0.538993		0.538993
0.054		0.553311		0.538993		0.538993		0.538993
0.055		0.55323		0.538993		0.538993		0.538993
0.056		0.553345		0.538993		0.538993		0.538993
0.057		0.553456		0.538993		0.538993		0.538993
0.058		0.55373		0.538993		0.538993		0.538993
0.059		0.554029		0.538993		0.538993		0.538993
0.06		0.554355		0.538993		0.538993		0.538993
0.061		0.554799		0.538993		0.538993		0.538993
0.062		0.555259		0.538993		0.538993		0.538993
0.063		0.555728		0.538993		0.538993		0.538993
0.064		0.556272		0.538993		0.538993		0.538993
0.065		0.556395		0.538993		0.538993		0.538993
0.066		0.556233		0.538993		0.538993		0.538993
0.067		0.556207		0.538993		0.538993		0.538993
0.068		0.556219		0.538993		0.538993		0.538993
0.069		0.556264		0.538993		0.538993		0.538993
0.07		0.556402		0.538993		0.538993		0.538993
0.071		0.556591		0.538993		0.538993		0.538993
0.072		0.556826		0.538993		0.538993		0.538993
0.073		0.557146		0.538993		0.538993		0.538993
0.074		0.557455		0.538993		0.538993		0.538993
0.075		0.557771		0.538993		0.538993		0.538993
0.076		0.558089		0.538993		0.538993		0.538993
0.077		0.558505		0.538993		0.538993		0.538993
0.078		0.558815		0.538993		0.538993		0.538993
0.079		0.558602		0.538993		0.538993		0.538993
0.08		0.558451		0.538993		0.538993		0.538993
0.081		0.558358		0.538993		0.538993		0.538993
0.082		0.55829		0.538993		0.538993		0.538993
0.083		0.558282		0.538993		0.538993		0.538993
0.084		0.55833		0.538993		0.538993		0.538993
0.085		0.558411		0.538993		0.538993		0.538993
0.086		0.558553		0.538993		0.538993		0.538993
0.087		0.558687		0.538993		0.538993		0.538993
0.088		0.558829		0.538993		0.538993		0.538993
0.089		0.558968		0.538993		0.538993		0.538993
0.09		0.559122		0.538993		0.538993		0.538993
0.091		0.559325		0.538993		0.538993		0.538993
0.092		0.559523		0.538993		0.538993		0.538993
0.093		0.559394		0.538993		0.538993		0.538993
0.094		0.559051		0.538993		0.538993		0.538993
0.095		0.558761		0.538993		0.538993		0.538993
0.096		0.558478		0.538993		0.538993		0.538993
0.097		0.558217		0.538993		0.538993		0.538993
0.098		0.558017		0.538993		0.538993		0.538993
0.099		0.557829		0.538993		0.538993		0.538993
0.1		0.557688		0.538993		0.538993		0.538993
0.101		0.557522		0.538993		0.538993		0.538993
0.102		0.557365		0.538993		0.538993		0.538993
0.103		0.557194		0.538993		0.538993		0.538993
0.104		0.556997		0.538993		0.538993		0.538993
0.105		0.556792		0.538993		0.538993		0.538993
0.106		0.556606		0.538993		0.538993		0.538993
0.107		0.556431		0.538993		0.538993		0.538993
0.108		0.55622		0.538993		0.538993		0.538993
0.109		0.555507		0.538993		0.538993		0.538993
0.11		0.554728		0.538993		0.538993		0.538993
0.111		0.553941		0.538993		0.538993		0.538993
0.112		0.553153		0.538993		0.538993		0.538993
0.113		0.55234		0.538993		0.538993		0.538993
0.114		0.551544		0.538993		0.538993		0.538993
0.115		0.550737		0.538993		0.538993		0.538993
0.116		0.549866		0.538993		0.538993		0.538993
0.117		0.548936		0.538993		0.538993		0.538993
0.118		0.547923		0.538993		0.538993		0.538993
0.119		0.546828		0.538993		0.538993		0.538993
0.12		0.545643		0.538993		0.538993		0.538993
0.121		0.544343		0.538993		0.538993		0.538993
0.122		0.542881		0.538993		0.538993		0.538993
0.123		0.541189		0.538993		0.538993		0.538993
0.124		0.539227		0.538993		0.538993		0.538993
0.125		0.536945		0.538993		0.538993		0.538993
0.126		0.533774		0.538993		0.538993		0.538993
0.127		0.530256		0.538993		0.538993		0.538993
0.128		0.526225		0.538993		0.538993		0.538993
0.129		0.521588		0.538993		0.538993		0.538993
0.13		0.515537		0.538993		0.538993		0.538993
0.131		0.506582		0.538993		0.538993		0.538993
0.132		0.497339		0.538993		0.538993		0.538993
0.133		0.488607		0.538993		0.538993		0.538993
0.134		0.480354		0.538993		0.538993		0.538993
0.135		0.472719		0.538993		0.538993		0.538993
0.136		0.465938		0.538993		0.538993		0.538993
0.137		0.459697		0.538993		0.538993		0.538993
0.138		0.453943		0.538993		0.538993		0.538993
0.139		0.448599		0.538993		0.538993		0.538993
0.14		0.44378		0.538993		0.538993		0.538993
0.141		0.439139		0.538993		0.538993		0.538993
0.142		0.43484		0.538993		0.538993		0.538993
0.143		0.43103		0.538993		0.538993		0.538993
0.144		0.426758		0.538993		0.538993		0.538993
0.145		0.422707		0.538993		0.538993		0.538993
0.146		0.419225		0.538993		0.538993		0.538993
0.147		0.415794		0.538993		0.538993		0.538993
0.148		0.412467		0.538993		0.538993		0.538993
0.149		0.409462		0.538993		0.538993		0.538993
0.15		0.406815		0.538993		0.538993		0.538993
0.151		0.404087		0.538993		0.538993		0.538993
0.152		0.401463		0.538993		0.538993		0.538993
0.153		0.399076		0.538993		0.538993		0.538993
0.154		0.397041		0.538993		0.538993		0.538993
0.155		0.394908		0.538993		0.538993		0.538993
0.156		0.392824		0.538993		0.538993		0.538993
0.157		0.39088		0.538993		0.538993		0.538993
0.158		0.389328		0.538993		0.538993		0.538993
0.159		0.387662		0.538993		0.538993		0.538993
0.16		0.386023		0.538993		0.538993		0.538993
0.161		0.384428		0.538993		0.538993		0.538993
0.162		0.383001		0.538993		0.538993		0.538993
0.163		0.381629		0.538993		0.538993		0.538993
0.164		0.380063		0.538993		0.538993		0.538993
0.165		0.378565		0.538993		0.538993		0.538993
0.166		0.377162		0.538993		0.538993		0.538993
0.167		0.375901		0.538993		0.538993		0.538993
0.168		0.374995		0.538993		0.538993		0.538993
0.169		0.374035		0.538993		0.538993		0.538993
0.17		0.373054		0.538993		0.538993		0.538993
0.171		0.372132		0.538993		0.538993		0.538993
0.172		0.371251		0.538993		0.538993		0.538993
0.173		0.370566		0.538993		0.538993		0.538993
0.174		0.370162		0.538993		0.538993		0.538993
0.175		0.36961		0.538993		0.538993		0.538993
0.176		0.369014		0.538993		0.538993		0.538993
0.177		0.368399		0.538993		0.538993		0.538993
0.178		0.367779		0.538993		0.538993		0.538993
0.179		0.367362		0.538993		0.538993		0.538993
0.18		0.367254		0.538993		0.538993		0.538993
0.181		0.367032		0.538993		0.538993		0.538993
0.182		0.366804		0.538993		0.538993		0.538993
0.183		0.366428		0.538993		0.538993		0.538993
0.184		0.365943		0.538993		0.538993		0.538993
0.185		0.365607		0.538993		0.538993		0.538993
0.186		0.365429		0.538993		0.538993		0.538993
0.187		0.365203		0.538993		0.538993		0.538993
0.188		0.365059		0.538993		0.538993		0.538993
0.189		0.36493		0.538993		0.538993		0.538993
0.19		0.364854		0.538993		0.538993		0.538993
0.191		0.364811		0.538993		0.538993		0.538993
0.192		0.3648		0.538993		0.538993		0.538993
0.193		0.365132		0.538993		0.538993		0.538993
0.194		0.36533		0.538993		0.538993		0.538993
0.195		0.365457		0.538993		0.538993		0.538993
0.196		0.365546		0.538993		0.538993		0.538993
0.197		0.365645		0.538993		0.538993		0.538993
0.198		0.365755		0.538993		0.538993		0.538993
0.199		0.365891		0.538993		0.538993		0.538993
0.2		0.366297		0.538993		0.538993		0.538993
0.201		0.366672		0.538993		0.538993		0.538993
0.202		0.367008		0.538993		0.538993		0.538993
0.203		0.367319		0.538993		0.538993		0.538993
0.204		0.367491		0.538993		0.538993		0.538993
0.205		0.367505		0.538993		0.538993		0.538993
0.206		0.367663		0.538993		0.538993		0.538993
0.207		0.367956		0.538993		0.538993		0.538993
0.208		0.368351		0.538993		0.538993		0.538993
0.209		0.368713		0.538993		0.538993		0.538993
0.21		0.369073		0.538993		0.538993		0.538993
0.211		0.369421		0.538993		0.538993		0.538993
0.212		0.369762		0.538993		0.538993		0.538993
0.213		0.370105		0.538993		0.538993		0.538993
0.214		0.370459		0.538993		0.538993		0.538993
0.215		0.370926		0.538993		0.538993		0.538993
0.216		0.37144		0.538993		0.538993		0.538993
0.217		0.371929		0.538993		0.538993		0.538993
0.218		0.372416		0.538993		0.538993		0.538993
0.219		0.372891		0.538993		0.538993		0.538993
0.22		0.373351		0.538993		0.538993		0.538993
0.221		0.373813		0.538993		0.538993		0.538993
0.222		0.37427		0.538993		0.538993		0.538993
0.223		0.374786		0.538993		0.538993		0.538993
0.224		0.375358		0.538993		0.538993		0.538993
0.225		0.375897		0.538993		0.538993		0.538993
0.226		0.376372		0.538993		0.538993		0.538993
0.227		0.376699		0.538993		0.538993		0.538993
0.228		0.377093		0.538993		0.538993		0.538993
0.229		0.377511		0.538993		0.538993		0.538993
0.23		0.377938		0.538993		0.538993		0.538993
0.231		0.378374		0.538993		0.538993		0.538993
0.232		0.378923		0.538993		0.538993		0.538993
0.233		0.379468		0.538993		0.538993		0.538993
0.234		0.380008		0.538993		0.538993		0.538993
0.235		0.380536		0.538993		0.538993		0.538993
0.236		0.381067		0.538993		0.538993		0.538993
0.237		0.381595		0.538993		0.538993		0.538993
0.238		0.382114		0.538993		0.538993		0.538993
0.239		0.382628		0.538993		0.538993		0.538993
0.24		0.383141		0.538993		0.538993		0.538993
0.241		0.383749		0.538993		0.538993		0.538993
0.242		0.384345		0.538993		0.538993		0.538993
0.243		0.384931		0.538993		0.538993		0.538993
0.244		0.385499		0.538993		0.538993		0.538993
0.245		0.386058		0.538993		0.538993		0.538993
0.246		0.386606		0.538993		0.538993		0.538993
0.247		0.387139		0.538993		0.538993		0.538993
0.248		0.387651		0.538993		0.538993		0.538993
0.249		0.388138		0.538993		0.538993		0.538993
0.25		0.388611		0.538993		0.538993		0.538993
0.251		0.389087		0.538993		0.538993		0.538993
0.252		0.3896		0.538993		0.538993		0.538993
0.253		0.390121		0.538993		0.538993		0.538993
0.254		0.39064		0.538993		0.538993		0.538993
0.255		0.391156		0.538993		0.538993		0.538993
0.256		0.39167		0.538993		0.538993		0.538993
0.257		0.392181		0.538993		0.538993		0.538993
0.258		0.392694		0.538993		0.538993		0.538993
0.259		0.393202		0.538993		0.538993		0.538993
0.26		0.393782		0.538993		0.538993		0.538993
0.261		0.394365		0.538993		0.538993		0.538993
0.262		0.394932		0.538993		0.538993		0.538993
0.263		0.395493		0.538993		0.538993		0.538993
0.264		0.396041		0.538993		0.538993		0.538993
0.265		0.396582		0.538993		0.538993		0.538993
0.266		0.397118		0.538993		0.538993		0.538993
0.267		0.397646		0.538993		0.538993		0.538993
0.268		0.398165		0.538993		0.538993		0.538993
0.269		0.398678		0.538993		0.538993		0.538993
0.27		0.399244		0.538993		0.538993		0.538993
0.271		0.399812		0.538993		0.538993		0.538993
0.272		0.400358		0.538993		0.538993		0.538993
0.273		0.400885		0.538993		0.538993		0.538993
0.274		0.40138		0.538993		0.538993		0.538993
0.275		0.401803		0.538993		0.538993		0.538993
0.276		0.402259		0.538993		0.538993		0.538993
0.277		0.40273		0.538993		0.538993		0.538993
0.278		0.403201		0.538993		0.538993		0.538993
0.279		0.403671		0.538993		0.538993		0.538993
0.28		0.404165		0.538993		0.538993		0.538993
0.281		0.404701		0.538993		0.538993		0.538993
0.282		0.405232		0.538993		0.538993		0.538993
0.283		0.405757		0.538993		0.538993		0.538993
0.284		0.406274		0.538993		0.538993		0.538993
0.285		0.406785		0.538993		0.538993		0.538993
0.286		0.40729		0.538993		0.538993		0.538993
0.287		0.407789		0.538993		0.538993		0.538993
0.288		0.408284		0.538993		0.538993		0.538993
0.289		0.408772		0.538993		0.538993		0.538993
0.29		0.409254		0.538993		0.538993		0.538993
0.291		0.409765		0.538993		0.538993		0.538993
0.292		0.410292		0.538993		0.538993		0.538993
0.293		0.410818		0.538993		0.538993		0.538993
0.294		0.411331		0.538993		0.538993		0.538993
0.295		0.411836		0.538993		0.538993		0.538993
0.296		0.412331		0.538993		0.538993		0.538993
0.297		0.412814		0.538993		0.538993		0.538993
0.298		0.41328		0.538993		0.538993		0.538993
0.299		0.413732		0.538993		0.538993		0.538993
0.3		0.414148		0.538993		0.538993		0.538993
0.301		0.414529		0.538993		0.538993		0.538993
0.302		0.414961		0.538993		0.538993		0.538993
0.303		0.415432		0.538993		0.538993		0.538993
0.304		0.415903		0.538993		0.538993		0.538993
0.305		0.416374		0.538993		0.538993		0.538993
0.306		0.416841		0.538993		0.538993		0.538993
0.307		0.417304		0.538993		0.538993		0.538993
0.308		0.417763		0.538993		0.538993		0.538993
0.309		0.418218		0.538993		0.538993		0.538993
0.31		0.418668		0.538993		0.538993		0.538993
0.311		0.419116		0.538993		0.538993		0.538993
0.312		0.41956		0.538993		0.538993		0.538993
0.313		0.419997		0.538993		0.538993		0.538993
0.314		0.42047		0.538993		0.538993		0.538993
0.315		0.420948		0.538993		0.538993		0.538993
0.316		0.421419		0.538993		0.538993		0.538993
0.317		0.421884		0.538993		0.538993		0.538993
0.318		0.422345		0.538993		0.538993		0.538993
0.319		0.422799		0.538993		0.538993		0.538993
0.32		0.423247		0.538993		0.538993		0.538993
0.321		0.423684		0.538993		0.538993		0.538993
0.322		0.424113		0.538993		0.538993		0.538993
0.323		0.424537		0.538993		0.538993		0.538993
0.324		0.424949		0.538993		0.538993		0.538993
0.325		0.425353		0.538993		0.538993		0.538993
0.326		0.425774		0.538993		0.538993		0.538993
0.327		0.426161		0.538993		0.538993		0.538993
0.328		0.426558		0.538993		0.538993		0.538993
0.329		0.426966		0.538993		0.538993		0.538993
0.33		0.427376		0.538993		0.538993		0.538993
0.331		0.427785		0.538993		0.538993		0.538993
0.332		0.428194		0.538993		0.538993		0.538993
0.333		0.4286		0.538993		0.538993		0.538993
0.334		0.429002		0.538993		0.538993		0.538993
0.335		0.429401		0.538993		0.538993		0.538993
0.336		0.429798		0.538993		0.538993		0.538993
0.337		0.430192		0.538993		0.538993		0.538993
0.338		0.430607		0.538993		0.538993		0.538993
0.339		0.431034		0.538993		0.538993		0.538993
0.34		0.431455		0.538993		0.538993		0.538993
0.341		0.431872		0.538993		0.538993		0.538993
0.342		0.432283		0.538993		0.538993		0.538993
0.343		0.432691		0.538993		0.538993		0.538993
0.344		0.433094		0.538993		0.538993		0.538993
0.345		0.433493		0.538993		0.538993		0.538993
0.346		0.433887		0.538993		0.538993		0.538993
0.347		0.434274		0.538993		0.538993		0.538993
0.348		0.434655		0.538993		0.538993		0.538993
0.349		0.435032		0.538993		0.538993		0.538993
0.35		0.435404		0.538993		0.538993		0.538993
0.351		0.435803		0.538993		0.538993		0.538993
0.352		0.436194		0.538993		0.538993		0.538993
0.353		0.436572		0.538993		0.538993		0.538993
0.354		0.436931		0.538993		0.538993		0.538993
0.355		0.437262		0.538993		0.538993		0.538993
0.356		0.437616		0.538993		0.538993		0.538993
0.357		0.437973		0.538993		0.538993		0.538993
0.358		0.438332		0.538993		0.538993		0.538993
0.359		0.43869		0.538993		0.538993		0.538993
0.36		0.439046		0.538993		0.538993		0.538993
0.361		0.439399		0.538993		0.538993		0.538993
0.362		0.439749		0.538993		0.538993		0.538993
0.363		0.440097		0.538993		0.538993		0.538993
0.364		0.440475		0.538993		0.538993		0.538993
0.365		0.44085		0.538993		0.538993		0.538993
0.366		0.441222		0.538993		0.538993		0.538993
0.367		0.44159		0.538993		0.538993		0.538993
0.368		0.441954		0.538993		0.538993		0.538993
0.369		0.442314		0.538993		0.538993		0.538993
0.37		0.442671		0.538993		0.538993		0.538993
0.371		0.443026		0.538993		0.538993		0.538993
0.372		0.443378		0.538993		0.538993		0.538993
0.373		0.443726		0.538993		0.538993		0.538993
0.374		0.444068		0.538993		0.538993		0.538993
0.375		0.444406		0.538993		0.538993		0.538993
0.376		0.444741		0.538993		0.538993		0.538993
0.377		0.445089		0.538993		0.538993		0.538993
0.378		0.445446		0.538993		0.538993		0.538993
0.379		0.445794		0.538993		0.538993		0.538993
0.38		0.446137		0.538993		0.538993		0.538993
0.381		0.44647		0.538993		0.538993		0.538993
0.382		0.446792		0.538993		0.538993		0.538993
0.383		0.447089		0.538993		0.538993		0.538993
0.384		0.447395		0.538993		0.538993		0.538993
0.385		0.447709		0.538993		0.538993		0.538993
0.386		0.448023		0.538993		0.538993		0.538993
0.387		0.448335		0.538993		0.538993		0.538993
0.388		0.448645		0.538993		0.538993		0.538993
0.389		0.448954		0.538993		0.538993		0.538993
0.39		0.44926		0.538993		0.538993		0.538993
0.391		0.449588		0.538993		0.538993		0.538993
0.392		0.449921		0.538993		0.538993		0.538993
0.393		0.450249		0.538993		0.538993		0.538993
0.394		0.450575		0.538993		0.538993		0.538993
0.395		0.450897		0.538993		0.538993		0.538993
0.396		0.451215		0.538993		0.538993		0.538993
0.397		0.451535		0.538993		0.538993		0.538993
0.398		0.451851		0.538993		0.538993		0.538993
0.399		0.452165		0.538993		0.538993		0.538993
0.4		0.452476		0.538993		0.538993		0.538993
0.401		0.452784		0.538993		0.538993		0.538993
0.402		0.453087		0.538993		0.538993		0.538993
0.403		0.453386		0.538993		0.538993		0.538993
0.404		0.453681		0.538993		0.538993		0.538993
0.405		0.453992		0.538993		0.538993		0.538993
0.406		0.45431		0.538993		0.538993		0.538993
0.407		0.454621		0.538993		0.538993		0.538993
0.408		0.454928		0.538993		0.538993		0.538993
0.409		0.45523		0.538993		0.538993		0.538993
0.41		0.455525		0.538993		0.538993		0.538993
0.411		0.455814		0.538993		0.538993		0.538993
0.412		0.456088		0.538993		0.538993		0.538993
0.413		0.456349		0.538993		0.538993		0.538993
0.414		0.456621		0.538993		0.538993		0.538993
0.415		0.456895		0.538993		0.538993		0.538993
0.416		0.457169		0.538993		0.538993		0.538993
0.417		0.457441		0.538993		0.538993		0.538993
0.418		0.457711		0.538993		0.538993		0.538993
0.419		0.457984		0.538993		0.538993		0.538993
0.42		0.458277		0.538993		0.538993		0.538993
0.421		0.458569		0.538993		0.538993		0.538993
0.422		0.458859		0.538993		0.538993		0.538993
0.423		0.459146		0.538993		0.538993		0.538993
0.424		0.45943		0.538993		0.538993		0.538993
0.425		0.459715		0.538993		0.538993		0.538993
0.426		0.459998		0.538993		0.538993		0.538993
0.427		0.460278		0.538993		0.538993		0.538993
0.428		0.460555		0.538993		0.538993		0.538993
0.429		0.460829		0.538993		0.538993		0.538993
0.43		0.461101		0.538993		0.538993		0.538993
0.431		0.46137		0.538993		0.538993		0.538993
0.432		0.461635		0.538993		0.538993		0.538993
0.433		0.461898		0.538993		0.538993		0.538993
0.434		0.462167		0.538993		0.538993		0.538993
0.435		0.462449		0.538993		0.538993		0.538993
0.436		0.462728		0.538993		0.538993		0.538993
0.437		0.463001		0.538993		0.538993		0.538993
0.438		0.463271		0.538993		0.538993		0.538993
0.439		0.46354		0.538993		0.538993		0.538993
0.44		0.463803		0.538993		0.538993		0.538993
0.441		0.464058		0.538993		0.538993		0.538993
0.442		0.464305		0.538993		0.538993		0.538993
0.443		0.464531		0.538993		0.538993		0.538993
0.444		0.464768		0.538993		0.538993		0.538993
0.445		0.465008		0.538993		0.538993		0.538993
0.446		0.465248		0.538993		0.538993		0.538993
0.447		0.465488		0.538993		0.538993		0.538993
0.448		0.465728		0.538993		0.538993		0.538993
0.449		0.465971		0.538993		0.538993		0.538993
0.45		0.466232		0.538993		0.538993		0.538993
0.451		0.466491		0.538993		0.538993		0.538993
0.452		0.466747		0.538993		0.538993		0.538993
0.453		0.467001		0.538993		0.538993		0.538993
0.454		0.467256		0.538993		0.538993		0.538993
0.455		0.467509		0.538993		0.538993		0.538993
0.456		0.467759		0.538993		0.538993		0.538993
0.457		0.468007		0.538993		0.538993		0.538993
0.458		0.468254		0.538993		0.538993		0.538993
0.459		0.468498		0.538993		0.538993		0.538993
0.46		0.468739		0.538993		0.538993		0.538993
0.461		0.468977		0.538993		0.538993		0.538993
0.462		0.469213		0.538993		0.538993		0.538993
0.463		0.469448		0.538993		0.538993		0.538993
0.464		0.46968		0.538993		0.538993		0.538993
0.465		0.469924		0.538993		0.538993		0.538993
0.466		0.470172		0.538993		0.538993		0.538993
0.467		0.470417		0.538993		0.538993		0.538993
0.468		0.470659		0.538993		0.538993		0.538993
0.469		0.4709		0.538993		0.538993		0.538993
0.47		0.471137		0.538993		0.538993		0.538993
0.471		0.471368		0.538993		0.538993		0.538993
0.472		0.471593		0.538993		0.538993		0.538993
0.473		0.471812		0.538993		0.538993		0.538993
0.474		0.472014		0.538993		0.538993		0.538993
0.475		0.472224		0.538993		0.538993		0.538993
0.476		0.472437		0.538993		0.538993		0.538993
0.477		0.472651		0.538993		0.538993		0.538993
0.478		0.472866		0.538993		0.538993		0.538993
0.479		0.47308		0.538993		0.538993		0.538993
0.48		0.473293		0.538993		0.538993		0.538993
0.481		0.473518		0.538993		0.538993		0.538993
0.482		0.473748		0.538993		0.538993		0.538993
0.483		0.473975		0.538993		0.538993		0.538993
0.484		0.474204		0.538993		0.538993		0.538993
0.485		0.47443		0.538993		0.538993		0.538993
0.486		0.474655		0.538993		0.538993		0.538993
0.487		0.474879		0.538993		0.538993		0.538993
0.488		0.4751		0.538993		0.538993		0.538993
0.489		0.475318		0.538993		0.538993		0.538993
0.49		0.475535		0.538993		0.538993		0.538993
0.491		0.47575		0.538993		0.538993		0.538993
0.492		0.475963		0.538993		0.538993		0.538993
0.493		0.476175		0.538993		0.538993		0.538993
0.494		0.476385		0.538993		0.538993		0.538993
0.495		0.476592		0.538993		0.538993		0.538993
0.496		0.476798		0.538993		0.538993		0.538993
0.497		0.47701		0.538993		0.538993		0.538993
0.498		0.477229		0.538993		0.538993		0.538993
0.499		0.477446		0.538993		0.538993		0.538993
0.5		0.477661		0.538993		0.538993		0.538993
0.501		0.477874		0.538993		0.538993		0.538993
0.502		0.478084		0.538993		0.538993		0.538993
0.503		0.47829		0.538993		0.538993		0.538993
0.504		0.478492		0.538993		0.538993		0.538993
0.505		0.478689		0.538993		0.538993		0.538993
0.506		0.47887		0.538993		0.538993		0.538993
0.507		0.479058		0.538993		0.538993		0.538993
0.508		0.47925		0.538993		0.538993		0.538993
0.509		0.479441		0.538993		0.538993		0.538993
0.51		0.479633		0.538993		0.538993		0.538993
0.511		0.479823		0.538993		0.538993		0.538993
0.512		0.480011		0.538993		0.538993		0.538993
0.513		0.480199		0.538993		0.538993		0.538993
0.514		0.480403		0.538993		0.538993		0.538993
0.515		0.480608		0.538993		0.538993		0.538993
0.516		0.480812		0.538993		0.538993		0.538993
0.517		0.481014		0.538993		0.538993		0.538993
0.518		0.481215		0.538993		0.538993		0.538993
0.519		0.481414		0.538993		0.538993		0.538993
0.52		0.481612		0.538993		0.538993		0.538993
0.521		0.481809		0.538993		0.538993		0.538993
0.522		0.482003		0.538993		0.538993		0.538993
0.523		0.482196		0.538993		0.538993		0.538993
0.524		0.482386		0.538993		0.538993		0.538993
0.525		0.482575		0.538993		0.538993		0.538993
0.526		0.482762		0.538993		0.538993		0.538993
0.527		0.482947		0.538993		0.538993		0.538993
0.528		0.483131		0.538993		0.538993		0.538993
0.529		0.483313		0.538993		0.538993		0.538993
0.53		0.483494		0.538993		0.538993		0.538993
0.531		0.483689		0.538993		0.538993		0.538993
0.532		0.483884		0.538993		0.538993		0.538993
0.533		0.484076		0.538993		0.538993		0.538993
0.534		0.484267		0.538993		0.538993		0.538993
0.535		0.484454		0.538993		0.538993		0.538993
0.536		0.484638		0.538993		0.538993		0.538993
0.537		0.484819		0.538993		0.538993		0.538993
0.538		0.484995		0.538993		0.538993		0.538993
0.539		0.485159		0.538993		0.538993		0.538993
0.54		0.485329		0.538993		0.538993		0.538993
0.541		0.4855		0.538993		0.538993		0.538993
0.542		0.485671		0.538993		0.538993		0.538993
0.543		0.485841		0.538993		0.538993		0.538993
0.544		0.486011		0.538993		0.538993		0.538993
0.545		0.48618		0.538993		0.538993		0.538993
0.546		0.48635		0.538993		0.538993		0.538993
0.547		0.486519		0.538993		0.538993		0.538993
0.548		0.486698		0.538993		0.538993		0.538993
0.549		0.48688		0.538993		0.538993		0.538993
0.55		0.487063		0.538993		0.538993		0.538993
0.551		0.487243		0.538993		0.538993		0.538993
0.552		0.487422		0.538993		0.538993		0.538993
0.553		0.4876		0.538993		0.538993		0.538993
0.554		0.487775		0.538993		0.538993		0.538993
0.555		0.487948		0.538993		0.538993		0.538993
0.556		0.488122		0.538993		0.538993		0.538993
0.557		0.488293		0.538993		0.538993		0.538993
0.558		0.488463		0.538993		0.538993		0.538993
0.559		0.48863		0.538993		0.538993		0.538993
0.56		0.488796		0.538993		0.538993		0.538993
0.561		0.488962		0.538993		0.538993		0.538993
0.562		0.489129		0.538993		0.538993		0.538993
0.563		0.489292		0.538993		0.538993		0.538993
0.564		0.489455		0.538993		0.538993		0.538993
0.565		0.489616		0.538993		0.538993		0.538993
0.566		0.48979		0.538993		0.538993		0.538993
0.567		0.489963		0.538993		0.538993		0.538993
0.568		0.490135		0.538993		0.538993		0.538993
0.569		0.490302		0.538993		0.538993		0.538993
0.57		0.490467		0.538993		0.538993		0.538993
0.571		0.490629		0.538993		0.538993		0.538993
0.572		0.490784		0.538993		0.538993		0.538993
0.573		0.490932		0.538993		0.538993		0.538993
0.574		0.491085		0.538993		0.538993		0.538993
0.575		0.491239		0.538993		0.538993		0.538993
0.576		0.491392		0.538993		0.538993		0.538993
0.577		0.491546		0.538993		0.538993		0.538993
0.578		0.4917		0.538993		0.538993		0.538993
0.579		0.491854		0.538993		0.538993		0.538993
0.58		0.492007		0.538993		0.538993		0.538993
0.581		0.49216		0.538993		0.538993		0.538993
0.582		0.492311		0.538993		0.538993		0.538993
0.583		0.492461		0.538993		0.538993		0.538993
0.584		0.492624		0.538993		0.538993		0.538993
0.585		0.492787		0.538993		0.538993		0.538993
0.586		0.492947		0.538993		0.538993		0.538993
0.587		0.493107		0.538993		0.538993		0.538993
0.588		0.493266		0.538993		0.538993		0.538993
0.589		0.493422		0.538993		0.538993		0.538993
0.59		0.493577		0.538993		0.538993		0.538993
0.591		0.493731		0.538993		0.538993		0.538993
0.592		0.493884		0.538993		0.538993		0.538993
0.593		0.494036		0.538993		0.538993		0.538993
0.594		0.494188		0.538993		0.538993		0.538993
0.595		0.49434		0.538993		0.538993		0.538993
0.596		0.49449		0.538993		0.538993		0.538993
0.597		0.494639		0.538993		0.538993		0.538993
0.598		0.494786		0.538993		0.538993		0.538993
0.599		0.494932		0.538993		0.538993		0.538993
0.6		0.495077		0.538993		0.538993		0.538993
0.601		0.495221		0.538993		0.538993		0.538993
0.602		0.495371		0.538993		0.538993		0.538993
0.603		0.495524		0.538993		0.538993		0.538993
0.604		0.495673		0.538993		0.538993		0.538993
0.605		0.495822		0.538993		0.538993		0.538993
0.606		0.495966		0.538993		0.538993		0.538993
0.607		0.496101		0.538993		0.538993		0.538993
0.608		0.496237		0.538993		0.538993		0.538993
0.609		0.496376		0.538993		0.538993		0.538993
0.61		0.496514		0.538993		0.538993		0.538993
0.611		0.496655		0.538993		0.538993		0.538993
0.612		0.496795		0.538993		0.538993		0.538993
0.613		0.496935		0.538993		0.538993		0.538993
0.614		0.497073		0.538993		0.538993		0.538993
0.615		0.497211		0.538993		0.538993		0.538993
0.616		0.497348		0.538993		0.538993		0.538993
0.617		0.497484		0.538993		0.538993		0.538993
0.618		0.49762		0.538993		0.538993		0.538993
0.619		0.497755		0.538993		0.538993		0.538993
0.62		0.497889		0.538993		0.538993		0.538993
0.621		0.498033		0.538993		0.538993		0.538993
0.622		0.498177		0.538993		0.538993		0.538993
0.623		0.498319		0.538993		0.538993		0.538993
0.624		0.498461		0.538993		0.538993		0.538993
0.625		0.498602		0.538993		0.538993		0.538993
0.626		0.498742		0.538993		0.538993		0.538993
0.627		0.498881		0.538993		0.538993		0.538993
0.628		0.499021		0.538993		0.538993		0.538993
0.629		0.49916		0.538993		0.538993		0.538993
0.63		0.499297		0.538993		0.538993		0.538993
0.631		0.499433		0.538993		0.538993		0.538993
0.632		0.499568		0.538993		0.538993		0.538993
0.633		0.499702		0.538993		0.538993		0.538993
0.634		0.499834		0.538993		0.538993		0.538993
0.635		0.499965		0.538993		0.538993		0.538993
0.636		0.500095		0.538993		0.538993		0.538993
0.637		0.500223		0.538993		0.538993		0.538993
0.638		0.500349		0.538993		0.538993		0.538993
0.639		0.500473		0.538993		0.538993		0.538993
0.64		0.500606		0.538993		0.538993		0.538993
0.641		0.500737		0.538993		0.538993		0.538993
0.642		0.500861		0.538993		0.538993		0.538993
0.643		0.500982		0.538993		0.538993		0.538993
0.644		0.501109		0.538993		0.538993		0.538993
0.645		0.501254		0.538993		0.538993		0.538993
0.646		0.501398		0.538993		0.538993		0.538993
0.647		0.501565		0.538993		0.538993		0.538993
0.648		0.501733		0.538993		0.538993		0.538993
0.649		0.5019		0.538993		0.538993		0.538993
0.65		0.502066		0.538993		0.538993		0.538993
0.651		0.502232		0.538993		0.538993		0.538993
0.652		0.502396		0.538993		0.538993		0.538993
0.653		0.502565		0.538993		0.538993		0.538993
0.654		0.502744		0.538993		0.538993		0.538993
0.655		0.502908		0.538993		0.538993		0.538993
0.656		0.503081		0.538993		0.538993		0.538993
0.657		0.503253		0.538993		0.538993		0.538993
0.658		0.503424		0.538993		0.538993		0.538993
0.659		0.503597		0.538993		0.538993		0.538993
0.66		0.503773		0.538993		0.538993		0.538993
0.661		0.503952		0.538993		0.538993		0.538993
0.662		0.50413		0.538993		0.538993		0.538993
0.663		0.504307		0.538993		0.538993		0.538993
0.664		0.504487		0.538993		0.538993		0.538993
0.665		0.504661		0.538993		0.538993		0.538993
0.666		0.504842		0.538993		0.538993		0.538993
0.667		0.50501		0.538993		0.538993		0.538993
0.668		0.505181		0.538993		0.538993		0.538993
0.669		0.505358		0.538993		0.538993		0.538993
0.67		0.505534		0.538993		0.538993		0.538993
0.671		0.505709		0.538993		0.538993		0.538993
0.672		0.505882		0.538993		0.538993		0.538993
0.673		0.506053		0.538993		0.538993		0.538993
0.674		0.506213		0.538993		0.538993		0.538993
0.675		0.50638		0.538993		0.538993		0.538993
0.676		0.506534		0.538993		0.538993		0.538993
0.677		0.50668		0.538993		0.538993		0.538993
0.678		0.506835		0.538993		0.538993		0.538993
0.679		0.506995		0.538993		0.538993		0.538993
0.68		0.507161		0.538993		0.538993		0.538993
0.681		0.507314		0.538993		0.538993		0.538993
0.682		0.507482		0.538993		0.538993		0.538993
0.683		0.507651		0.538993		0.538993		0.538993
0.684		0.507819		0.538993		0.538993		0.538993
0.685		0.507984		0.538993		0.538993		0.538993
0.686		0.508154		0.538993		0.538993		0.538993
0.687		0.508312		0.538993		0.538993		0.538993
0.688		0.508473		0.538993		0.538993		0.538993
0.689		0.508623		0.538993		0.538993		0.538993
0.69		0.508767		0.538993		0.538993		0.538993
0.691		0.508931		0.538993		0.538993		0.538993
0.692		0.509093		0.538993		0.538993		0.538993
0.693		0.509254		0.538993		0.538993		0.538993
0.694		0.509414		0.538993		0.538993		0.538993
0.695		0.50957		0.538993		0.538993		0.538993
0.696		0.509718		0.538993		0.538993		0.538993
0.697		0.509872		0.538993		0.538993		0.538993
0.698		0.510029		0.538993		0.538993		0.538993
0.699		0.510173		0.538993		0.538993		0.538993
0.7		0.510318		0.538993		0.538993		0.538993
0.701		0.510481		0.538993		0.538993		0.538993
0.702		0.510642		0.538993		0.538993		0.538993
0.703		0.510794		0.538993		0.538993		0.538993
0.704		0.510942		0.538993		0.538993		0.538993
0.705		0.511097		0.538993		0.538993		0.538993
0.706		0.511255		0.538993		0.538993		0.538993
0.707		0.511408		0.538993		0.538993		0.538993
0.708		0.511565		0.538993		0.538993		0.538993
0.709		0.511722		0.538993		0.538993		0.538993
0.71		0.51187		0.538993		0.538993		0.538993
0.711		0.512009		0.538993		0.538993		0.538993
0.712		0.512142		0.538993		0.538993		0.538993
0.713		0.512267		0.538993		0.538993		0.538993
0.714		0.512402		0.538993		0.538993		0.538993
0.715		0.512544		0.538993		0.538993		0.538993
0.716		0.512684		0.538993		0.538993		0.538993
0.717		0.512826		0.538993		0.538993		0.538993
0.718		0.512968		0.538993		0.538993		0.538993
0.719		0.513113		0.538993		0.538993		0.538993
0.72		0.513254		0.538993		0.538993		0.538993
0.721		0.513401		0.538993		0.538993		0.538993
0.722		0.51355		0.538993		0.538993		0.538993
0.723		0.513685		0.538993		0.538993		0.538993
0.724		0.513811		0.538993		0.538993		0.538993
0.725		0.513945		0.538993		0.538993		0.538993
0.726		0.514087		0.538993		0.538993		0.538993
0.727		0.514227		0.538993		0.538993		0.538993
0.728		0.514359		0.538993		0.538993		0.538993
0.729		0.514494		0.538993		0.538993		0.538993
0.73		0.514633		0.538993		0.538993		0.538993
0.731		0.514773		0.538993		0.538993		0.538993
0.732		0.514916		0.538993		0.538993		0.538993
0.733		0.51506		0.538993		0.538993		0.538993
0.734		0.515202		0.538993		0.538993		0.538993
0.735		0.515337		0.538993		0.538993		0.538993
0.736		0.515462		0.538993		0.538993		0.538993
0.737		0.51558		0.538993		0.538993		0.538993
0.738		0.515697		0.538993		0.538993		0.538993
0.739		0.515824		0.538993		0.538993		0.538993
0.74		0.51597		0.538993		0.538993		0.538993
0.741		0.516116		0.538993		0.538993		0.538993
0.742		0.51626		0.538993		0.538993		0.538993
0.743		0.5164		0.538993		0.538993		0.538993
0.744		0.516533		0.538993		0.538993		0.538993
0.745		0.516663		0.538993		0.538993		0.538993
0.746		0.516798		0.538993		0.538993		0.538993
0.747		0.516937		0.538993		0.538993		0.538993
0.748		0.517068		0.538993		0.538993		0.538993
0.749		0.517187		0.538993		0.538993		0.538993
0.75		0.5173		0.538993		0.538993		0.538993
0.751		0.517422		0.538993		0.538993		0.538993
0.752		0.517547		0.538993		0.538993		0.538993
0.753		0.517664		0.538993		0.538993		0.538993
0.754		0.517778		0.538993		0.538993		0.538993
0.755		0.517894		0.538993		0.538993		0.538993
0.756		0.518016		0.538993		0.538993		0.538993
0.757		0.518143		0.538993		0.538993		0.538993
0.758		0.518272		0.538993		0.538993		0.538993
0.759		0.518399		0.538993		0.538993		0.538993
0.76		0.518527		0.538993		0.538993		0.538993
0.761		0.518655		0.538993		0.538993		0.538993
0.762		0.518776		0.538993		0.538993		0.538993
0.763		0.518889		0.538993		0.538993		0.538993
0.764		0.519		0.538993		0.538993		0.538993
0.765		0.519116		0.538993		0.538993		0.538993
0.766		0.519237		0.538993		0.538993		0.538993
0.767		0.519364		0.538993		0.538993		0.538993
0.768		0.519495		0.538993		0.538993		0.538993
0.769		0.519623		0.538993		0.538993		0.538993
0.77		0.519748		0.538993		0.538993		0.538993
0.771		0.51987		0.538993		0.538993		0.538993
0.772		0.519992		0.538993		0.538993		0.538993
0.773		0.520119		0.538993		0.538993		0.538993
0.774		0.520247		0.538993		0.538993		0.538993
0.775		0.520368		0.538993		0.538993		0.538993
0.776		0.520481		0.538993		0.538993		0.538993
0.777		0.520588		0.538993		0.538993		0.538993
0.778		0.520702		0.538993		0.538993		0.538993
0.779		0.520818		0.538993		0.538993		0.538993
0.78		0.520934		0.538993		0.538993		0.538993
0.781		0.521045		0.538993		0.538993		0.538993
0.782		0.521159		0.538993		0.538993		0.538993
0.783		0.521278		0.538993		0.538993		0.538993
0.784		0.5214		0.538993		0.538993		0.538993
0.785		0.521525		0.538993		0.538993		0.538993
0.786		0.52165		0.538993		0.538993		0.538993
0.787		0.521774		0.538993		0.538993		0.538993
0.788		0.521892		0.538993		0.538993		0.538993
0.789		0.522003		0.538993		0.538993		0.538993
0.79		0.522104		0.538993		0.538993		0.538993
0.791		0.522197		0.538993		0.538993		0.538993
0.792		0.52229		0.538993		0.538993		0.538993
0.793		0.522392		0.538993		0.538993		0.538993
0.794		0.522501		0.538993		0.538993		0.538993
0.795		0.522614		0.538993		0.538993		0.538993
0.796		0.522731		0.538993		0.538993		0.538993
0.797		0.522847		0.538993		0.538993		0.538993
0.798		0.522958		0.538993		0.538993		0.538993
0.799		0.523066		0.538993		0.538993		0.538993
0.8		0.523176		0.538993		0.538993		0.538993
0.801		0.523287		0.538993		0.538993		0.538993
0.802		0.523401		0.538993		0.538993		0.538993
0.803		0.523512		0.538993		0.538993		0.538993
0.804		0.523622		0.538993		0.538993		0.538993
0.805		0.523728		0.538993		0.538993		0.538993
0.806		0.523834		0.538993		0.538993		0.538993
0.807		0.523943		0.538993		0.538993		0.538993
0.808		0.524052		0.538993		0.538993		0.538993
0.809		0.524163		0.538993		0.538993		0.538993
0.81		0.524271		0.538993		0.538993		0.538993
0.811		0.524382		0.538993		0.538993		0.538993
0.812		0.524496		0.538993		0.538993		0.538993
0.813		0.524613		0.538993		0.538993		0.538993
0.814		0.524731		0.538993		0.538993		0.538993
0.815		0.524845		0.538993		0.538993		0.538993
0.816		0.524959		0.538993		0.538993		0.538993
0.817		0.525067		0.538993		0.538993		0.538993
0.818		0.525165		0.538993		0.538993		0.538993
0.819		0.525259		0.538993		0.538993		0.538993
0.82		0.525352		0.538993		0.538993		0.538993
0.821		0.525444		0.538993		0.538993		0.538993
0.822		0.525536		0.538993		0.538993		0.538993
0.823		0.525632		0.538993		0.538993		0.538993
0.824		0.525736		0.538993		0.538993		0.538993
0.825		0.525845		0.538993		0.538993		0.538993
0.826		0.525957		0.538993		0.538993		0.538993
0.827		0.526065		0.538993		0.538993		0.538993
0.828		0.526171		0.538993		0.538993		0.538993
0.829		0.526274		0.538993		0.538993		0.538993
0.83		0.526377		0.538993		0.538993		0.538993
0.831		0.526482		0.538993		0.538993		0.538993
0.832		0.526585		0.538993		0.538993		0.538993
0.833		0.526685		0.538993		0.538993		0.538993
0.834		0.526782		0.538993		0.538993		0.538993
0.835		0.526875		0.538993		0.538993		0.538993
0.836		0.526967		0.538993		0.538993		0.538993
0.837		0.52706		0.538993		0.538993		0.538993
0.838		0.527155		0.538993		0.538993		0.538993
0.839		0.527248		0.538993		0.538993		0.538993
0.84		0.527343		0.538993		0.538993		0.538993
0.841		0.527441		0.538993		0.538993		0.538993
0.842		0.527539		0.538993		0.538993		0.538993
0.843		0.527642		0.538993		0.538993		0.538993
0.844		0.527748		0.538993		0.538993		0.538993
0.845		0.527854		0.538993		0.538993		0.538993
0.846		0.527957		0.538993		0.538993		0.538993
0.847		0.528059		0.538993		0.538993		0.538993
0.848		0.528165		0.538993		0.538993		0.538993
0.849		0.528268		0.538993		0.538993		0.538993
0.85		0.528363		0.538993		0.538993		0.538993
0.851		0.528456		0.538993		0.538993		0.538993
0.852		0.528548		0.538993		0.538993		0.538993
0.853		0.528645		0.538993		0.538993		0.538993
0.854		0.528746		0.538993		0.538993		0.538993
0.855		0.528847		0.538993		0.538993		0.538993
0.856		0.528948		0.538993		0.538993		0.538993
0.857		0.529045		0.538993		0.538993		0.538993
0.858		0.529139		0.538993		0.538993		0.538993
0.859		0.529233		0.538993		0.538993		0.538993
0.86		0.52933		0.538993		0.538993		0.538993
0.861		0.529425		0.538993		0.538993		0.538993
0.862		0.529522		0.538993		0.538993		0.538993
0.863		0.529617		0.538993		0.538993		0.538993
0.864		0.52971		0.538993		0.538993		0.538993
0.865		0.529797		0.538993		0.538993		0.538993
0.866		0.529882		0.538993		0.538993		0.538993
0.867		0.529964		0.538993		0.538993		0.538993
0.868		0.530048		0.538993		0.538993		0.538993
0.869		0.530128		0.538993		0.538993		0.538993
0.87		0.53021		0.538993		0.538993		0.538993
0.871		0.530297		0.538993		0.538993		0.538993
0.872		0.530389		0.538993		0.538993		0.538993
0.873		0.530485		0.538993		0.538993		0.538993
0.874		0.530583		0.538993		0.538993		0.538993
0.875		0.530679		0.538993		0.538993		0.538993
0.876		0.530776		0.538993		0.538993		0.538993
0.877		0.530876		0.538993		0.538993		0.538993
0.878		0.530973		0.538993		0.538993		0.538993
0.879		0.531067		0.538993		0.538993		0.538993
0.88		0.531156		0.538993		0.538993		0.538993
0.881		0.53124		0.538993		0.538993		0.538993
0.882		0.531322		0.538993		0.538993		0.538993
0.883		0.531405		0.538993		0.538993		0.538993
0.884		0.531489		0.538993		0.538993		0.538993
0.885		0.531573		0.538993		0.538993		0.538993
0.886		0.531661		0.538993		0.538993		0.538993
0.887		0.531751		0.538993		0.538993		0.538993
0.888		0.531842		0.538993		0.538993		0.538993
0.889		0.531933		0.538993		0.538993		0.538993
0.89		0.532025		0.538993		0.538993		0.538993
0.891		0.532116		0.538993		0.538993		0.538993
0.892		0.532204		0.538993		0.538993		0.538993
0.893		0.532299		0.538993		0.538993		0.538993
0.894		0.532395		0.538993		0.538993		0.538993
0.895		0.53249		0.538993		0.538993		0.538993
0.896		0.532582		0.538993		0.538993		0.538993
0.897		0.53267		0.538993		0.538993		0.538993
0.898		0.532757		0.538993		0.538993		0.538993
0.899		0.532841		0.538993		0.538993		0.538993
0.9		0.532919		0.538993		0.538993		0.538993
0.901		0.532997		0.538993		0.538993		0.538993
0.902		0.533076		0.538993		0.538993		0.538993
0.903		0.533157		0.538993		0.538993		0.538993
0.904		0.533241		0.538993		0.538993		0.538993
0.905		0.533325		0.538993		0.538993		0.538993
0.906		0.533408		0.538993		0.538993		0.538993
0.907		0.533493		0.538993		0.538993		0.538993
0.908		0.533581		0.538993		0.538993		0.538993
0.909		0.533669		0.538993		0.538993		0.538993
0.91		0.533753		0.538993		0.538993		0.538993
0.911		0.533833		0.538993		0.538993		0.538993
0.912		0.533912		0.538993		0.538993		0.538993
0.913		0.533987		0.538993		0.538993		0.538993
0.914		0.534062		0.538993		0.538993		0.538993
0.915		0.534135		0.538993		0.538993		0.538993
0.916		0.534211		0.538993		0.538993		0.538993
0.917		0.534289		0.538993		0.538993		0.538993
0.918		0.534368		0.538993		0.538993		0.538993
0.919		0.534449		0.538993		0.538993		0.538993
0.92		0.534533		0.538993		0.538993		0.538993
0.921		0.534617		0.538993		0.538993		0.538993
0.922		0.534703		0.538993		0.538993		0.538993
0.923		0.53479		0.538993		0.538993		0.538993
0.924		0.534875		0.538993		0.538993		0.538993
0.925		0.534959		0.538993		0.538993		0.538993
0.926		0.535044		0.538993		0.538993		0.538993
0.927		0.535128		0.538993		0.538993		0.538993
0.928		0.53521		0.538993		0.538993		0.538993
0.929		0.535292		0.538993		0.538993		0.538993
0.93		0.535372		0.538993		0.538993		0.538993
0.931		0.53545		0.538993		0.538993		0.538993
0.932		0.535527		0.538993		0.538993		0.538993
0.933		0.535597		0.538993		0.538993		0.538993
0.934		0.535669		0.538993		0.538993		0.538993
0.935		0.535742		0.538993		0.538993		0.538993
0.936		0.535816		0.538993		0.538993		0.538993
0.937		0.535889		0.538993		0.538993		0.538993
0.938		0.535963		0.538993		0.538993		0.538993
0.939		0.536041		0.538993		0.538993		0.538993
0.94		0.536127		0.538993		0.538993		0.538993
0.941		0.536216		0.538993		0.538993		0.538993
0.942		0.536308		0.538993		0.538993		0.538993
0.943		0.536395		0.538993		0.538993		0.538993
0.944		0.53648		0.538993		0.538993		0.538993
0.945		0.53656		0.538993		0.538993		0.538993
0.946		0.536637		0.538993		0.538993		0.538993
0.947		0.536714		0.538993		0.538993		0.538993
0.948		0.536788		0.538993		0.538993		0.538993
0.949		0.536859		0.538993		0.538993		0.538993
0.95		0.536926		0.538993		0.538993		0.538993
0.951		0.536991		0.538993		0.538993		0.538993
0.952		0.537054		0.538993		0.538993		0.538993
0.953		0.537122		0.538993		0.538993		0.538993
0.954		0.537189		0.538993		0.538993		0.538993
0.955		0.53726		0.538993		0.538993		0.538993
0.956		0.537332		0.538993		0.538993		0.538993
0.957		0.537403		0.538993		0.538993		0.538993
0.958		0.537475		0.538993		0.538993		0.538993
0.959		0.537547		0.538993		0.538993		0.538993
0.96		0.537618		0.538993		0.538993		0.538993
0.961		0.537691		0.538993		0.538993		0.538993
0.962		0.537765		0.538993		0.538993		0.538993
0.963		0.537839		0.538993		0.538993		0.538993
0.964		0.537915		0.538993		0.538993		0.538993
0.965		0.537992		0.538993		0.538993		0.538993
0.966		0.538068		0.538993		0.538993		0.538993
0.967		0.538139		0.538993		0.538993		0.538993
0.968		0.538208		0.538993		0.538993		0.538993
0.969		0.538277		0.538993		0.538993		0.538993
0.97		0.538345		0.538993		0.538993		0.538993
0.971		0.538411		0.538993		0.538993		0.538993
0.972		0.538479		0.538993		0.538993		0.538993
0.973		0.538548		0.538993		0.538993		0.538993
0.974		0.53862		0.538993		0.538993		0.538993
0.975		0.538695		0.538993		0.538993		0.538993
0.976		0.538772		0.538993		0.538993		0.538993
0.977		0.538846		0.538993		0.538993		0.538993
0.978		0.538919		0.538993		0.538993		0.538993
0.979		0.538992		0.538993		0.538993		0.538993
0.98		0.539065		0.538993		0.538993		0.538993
0.981		0.539137		0.538993		0.538993		0.538993
0.982		0.539207		0.538993		0.538993		0.538993
0.983		0.539275		0.538993		0.538993		0.538993
0.984		0.539341		0.538993		0.538993		0.538993
0.985		0.539405		0.538993		0.538993		0.538993
0.986		0.539467		0.538993		0.538993		0.538993
0.987		0.539531		0.538993		0.538993		0.538993
0.988		0.5396		0.538993		0.538993		0.538993
0.989		0.539668		0.538993		0.538993		0.538993
0.99		0.539739		0.538993		0.538993		0.538993
0.991		0.53981		0.538993		0.538993		0.538993
0.992		0.539878		0.538993		0.538993		0.538993
0.993		0.539944		0.538993		0.538993		0.538993
0.994		0.540013		0.538993		0.538993		0.538993
0.995		0.54008		0.538993		0.538993		0.538993
0.996		0.540147		0.538993		0.538993		0.538993
0.997		0.540213		0.538993		0.538993		0.538993
0.998		0.540277		0.538993		0.538993		0.538993
0.999		0.540342		0.538993		0.538993		0.538993
1		0.540409		0.538993		0.538993		0.538993
1.001		0.540476		0.538993		0.538993		0.538993
1.002		0.540537		0.538993		0.538993		0.538993
1.003		0.540597		0.538993		0.538993		0.538993
1.004		0.540655		0.538993		0.538993		0.538993
1.005		0.54071		0.538993		0.538993		0.538993
1.006		0.540765		0.538993		0.538993		0.538993
1.007		0.540822		0.538993		0.538993		0.538993
1.008		0.54088		0.538993		0.538993		0.538993
1.009		0.540938		0.538993		0.538993		0.538993
1.01		0.541		0.538993		0.538993		0.538993
1.011		0.541066		0.538993		0.538993		0.538993
1.012		0.541135		0.538993		0.538993		0.538993
1.013		0.541201		0.538993		0.538993		0.538993
1.014		0.541266		0.538993		0.538993		0.538993
1.015		0.541335		0.538993		0.538993		0.538993
1.016		0.541403		0.538993		0.538993		0.538993
1.017		0.541468		0.538993		0.538993		0.538993
1.018		0.541533		0.538993		0.538993		0.538993
1.019		0.541596		0.538993		0.538993		0.538993
1.02		0.541658		0.538993		0.538993		0.538993
1.021		0.541718		0.538993		0.538993		0.538993
1.022		0.541775		0.538993		0.538993		0.538993
1.023		0.541832		0.538993		0.538993		0.538993
1.024		0.541891		0.538993		0.538993		0.538993
1.025		0.54195		0.538993		0.538993		0.538993
1.026		0.542008		0.538993		0.538993		0.538993
1.027		0.542065		0.538993		0.538993		0.538993
1.028		0.542123		0.538993		0.538993		0.538993
1.029		0.542183		0.538993		0.538993		0.538993
1.03		0.542245		0.538993		0.538993		0.538993
1.031		0.542307		0.538993		0.538993		0.538993
1.032		0.542367		0.538993		0.538993		0.538993
1.033		0.542425		0.538993		0.538993		0.538993
1.034		0.54248		0.538993		0.538993		0.538993
1.035		0.542536		0.538993		0.538993		0.538993
1.036		0.542595		0.538993		0.538993		0.538993
1.037		0.542659		0.538993		0.538993		0.538993
1.038		0.542718		0.538993		0.538993		0.538993
1.039		0.542778		0.538993		0.538993		0.538993
1.04		0.542836		0.538993		0.538993		0.538993
1.041		0.54289		0.538993		0.538993		0.538993
1.042		0.542945		0.538993		0.538993		0.538993
1.043		0.543		0.538993		0.538993		0.538993
1.044		0.543056		0.538993		0.538993		0.538993
1.045		0.543111		0.538993		0.538993		0.538993
1.046		0.543167		0.538993		0.538993		0.538993
1.047		0.543226		0.538993		0.538993		0.538993
1.048		0.543283		0.538993		0.538993		0.538993
1.049		0.543339		0.538993		0.538993		0.538993
1.05		0.543393		0.538993		0.538993		0.538993
1.051		0.54345		0.538993		0.538993		0.538993
1.052		0.543508		0.538993		0.538993		0.538993
1.053		0.543564		0.538993		0.538993		0.538993
1.054		0.543618		0.538993		0.538993		0.538993
1.055		0.543672		0.538993		0.538993		0.538993
1.056		0.543725		0.538993		0.538993		0.538993
1.057		0.543775		0.538993		0.538993		0.538993
1.058		0.543823		0.538993		0.538993		0.538993
1.059		0.543869		0.538993		0.538993		0.538993
1.06		0.543918		0.538993		0.538993		0.538993
1.061		0.54397		0.538993		0.538993		0.538993
1.062		0.544021		0.538993		0.538993		0.538993
1.063		0.544071		0.538993		0.538993		0.538993
1.064		0.544122		0.538993		0.538993		0.538993
1.065		0.544174		0.538993		0.538993		0.538993
1.066		0.544228		0.538993		0.538993		0.538993
1.067		0.544284		0.538993		0.538993		0.538993
1.068		0.54434		0.538993		0.538993		0.538993
1.069		0.544393		0.538993		0.538993		0.538993
1.07		0.544446		0.538993		0.538993		0.538993
1.071		0.544499		0.538993		0.538993		0.538993
1.072		0.544553		0.538993		0.538993		0.538993
1.073		0.544608		0.538993		0.538993		0.538993
1.074		0.544662		0.538993		0.538993		0.538993
1.075		0.544715		0.538993		0.538993		0.538993
1.076		0.544764		0.538993		0.538993		0.538993
1.077		0.544809		0.538993		0.538993		0.538993
1.078		0.544851		0.538993		0.538993		0.538993
1.079		0.544893		0.538993		0.538993		0.538993
1.08		0.544935		0.538993		0.538993		0.538993
1.081		0.544978		0.538993		0.538993		0.538993
1.082		0.54502		0.538993		0.538993		0.538993
1.083		0.545063		0.538993		0.538993		0.538993
1.084		0.545108		0.538993		0.538993		0.538993
1.085		0.545156		0.538993		0.538993		0.538993
1.086		0.545203		0.538993		0.538993		0.538993
1.087		0.545253		0.538993		0.538993		0.538993
1.088		0.545304		0.538993		0.538993		0.538993
1.089		0.545356		0.538993		0.538993		0.538993
1.09		0.545409		0.538993		0.538993		0.538993
1.091		0.545461		0.538993		0.538993		0.538993
1.092		0.545513		0.538993		0.538993		0.538993
1.093		0.545563		0.538993		0.538993		0.538993
1.094		0.545613		0.538993		0.538993		0.538993
1.095		0.545662		0.538993		0.538993		0.538993
1.096		0.54571		0.538993		0.538993		0.538993
1.097		0.545756		0.538993		0.538993		0.538993
1.098		0.545803		0.538993		0.538993		0.538993
1.099		0.545847		0.538993		0.538993		0.538993
1.1		0.54589		0.538993		0.538993		0.538993
1.101		0.545933		0.538993		0.538993		0.538993
1.102		0.545976		0.538993		0.538993		0.538993
1.103		0.538877		0.538993		0.538993		0.538993
1.104		0.530916		0.538993		0.538993		0.538993
1.105		0.525879		0.538993		0.538993		0.538993
1.106		0.522979		0.538993		0.538993		0.538993
1.107		0.519766		0.538993		0.538993		0.538993
1.108		0.518282		0.538993		0.538993		0.538993
1.109		0.51659		0.538993		0.538993		0.538993
1.11		0.514587		0.538993		0.538993		0.538993
1.111		0.513381		0.538993		0.538993		0.538993
1.112		0.512323		0.538993		0.538993		0.538993
1.113		0.511327		0.538993		0.538993		0.538993
1.114		0.510167		0.538993		0.538993		0.538993
1.115		0.509024		0.538993		0.538993		0.538993
1.116		0.50857		0.538993		0.538993		0.538993
1.117		0.507954		0.538993		0.538993		0.538993
1.118		0.507179		0.538993		0.538993		0.538993
1.119		0.50647		0.538993		0.538993		0.538993
1.12		0.505735		0.538993		0.538993		0.538993
1.121		0.505437		0.538993		0.538993		0.538993
1.122		0.505025		0.538993		0.538993		0.538993
1.123		0.504724		0.538993		0.538993		0.538993
1.124		0.504315		0.538993		0.538993		0.538993
1.125		0.503829		0.538993		0.538993		0.538993
1.126		0.503287		0.538993		0.538993		0.538993
1.127		0.503145		0.538993		0.538993		0.538993
1.128		0.503023		0.538993		0.538993		0.538993
1.129		0.502813		0.538993		0.538993		0.538993
1.13		0.502579		0.538993		0.538993		0.538993
1.131		0.502333		0.538993		0.538993		0.538993
1.132		0.502117		0.538993		0.538993		0.538993
1.133		0.501863		0.538993		0.538993		0.538993
1.134		0.501808		0.538993		0.538993		0.538993
1.135		0.501741		0.538993		0.538993		0.538993
1.136		0.501689		0.538993		0.538993		0.538993
1.137		0.501639		0.538993		0.538993		0.538993
1.138		0.501554		0.538993		0.538993		0.538993
1.139		0.501439		0.538993		0.538993		0.538993
1.14		0.501271		0.538993		0.538993		0.538993
1.141		0.501095		0.538993		0.538993		0.538993
1.142		0.501165		0.538993		0.538993		0.538993
1.143		0.501261		0.538993		0.538993		0.538993
1.144		0.501303		0.538993		0.538993		0.538993
1.145		0.501325		0.538993		0.538993		0.538993
1.146		0.501316		0.538993		0.538993		0.538993
1.147		0.501328		0.538993		0.538993		0.538993
1.148		0.501349		0.538993		0.538993		0.538993
1.149		0.501356		0.538993		0.538993		0.538993
1.15		0.501324		0.538993		0.538993		0.538993
1.151		0.501435		0.538993		0.538993		0.538993
1.152		0.50152		0.538993		0.538993		0.538993
1.153		0.501629		0.538993		0.538993		0.538993
1.154		0.501741		0.538993		0.538993		0.538993
1.155		0.501828		0.538993		0.538993		0.538993
1.156		0.501887		0.538993		0.538993		0.538993
1.157		0.501925		0.538993		0.538993		0.538993
1.158		0.501947		0.538993		0.538993		0.538993
1.159		0.50197		0.538993		0.538993		0.538993
1.16		0.502083		0.538993		0.538993		0.538993
1.161		0.502265		0.538993		0.538993		0.538993
1.162		0.502421		0.538993		0.538993		0.538993
1.163		0.502562		0.538993		0.538993		0.538993
1.164		0.502691		0.538993		0.538993		0.538993
1.165		0.502801		0.538993		0.538993		0.538993
1.166		0.502917		0.538993		0.538993		0.538993
1.167		0.503057		0.538993		0.538993		0.538993
1.168		0.503176		0.538993		0.538993		0.538993
1.169		0.503278		0.538993		0.538993		0.538993
1.17		0.503365		0.538993		0.538993		0.538993
1.171		0.503521		0.538993		0.538993		0.538993
1.172		0.503683		0.538993		0.538993		0.538993
1.173		0.50384		0.538993		0.538993		0.538993
1.174		0.504025		0.538993		0.538993		0.538993
1.175		0.5042		0.538993		0.538993		0.538993
1.176		0.50436		0.538993		0.538993		0.538993
1.177		0.504505		0.538993		0.538993		0.538993
1.178		0.504642		0.538993		0.538993		0.538993
1.179		0.504767		0.538993		0.538993		0.538993
1.18		0.504884		0.538993		0.538993		0.538993
1.181		0.505024		0.538993		0.538993		0.538993
1.182		0.505207		0.538993		0.538993		0.538993
1.183		0.505424		0.538993		0.538993		0.538993
1.184		0.505623		0.538993		0.538993		0.538993
1.185		0.50582		0.538993		0.538993		0.538993
1.186		0.506003		0.538993		0.538993		0.538993
1.187		0.50617		0.538993		0.538993		0.538993
1.188		0.50633		0.538993		0.538993		0.538993
1.189		0.506511		0.538993		0.538993		0.538993
1.19		0.506693		0.538993		0.538993		0.538993
1.191		0.506864		0.538993		0.538993		0.538993
1.192		0.507025		0.538993		0.538993		0.538993
1.193		0.507175		0.538993		0.538993		0.538993
1.194		0.507343		0.538993		0.538993		0.538993
1.195		0.507537		0.538993		0.538993		0.538993
1.196		0.507727		0.538993		0.538993		0.538993
1.197		0.507922		0.538993		0.538993		0.538993
1.198		0.508134		0.538993		0.538993		0.538993
1.199		0.508337		0.538993		0.538993		0.538993
1.2		0.508532		0.538993		0.538993		0.538993
1.201		0.508716		0.538993		0.538993		0.538993
1.202		0.508892		0.538993		0.538993		0.538993
1.203		0.509066		0.538993		0.538993		0.538993
1.204		0.50923		0.538993		0.538993		0.538993
1.205		0.509387		0.538993		0.538993		0.538993
1.206		0.509563		0.538993		0.538993		0.538993
1.207		0.50978		0.538993		0.538993		0.538993
1.208		0.510005		0.538993		0.538993		0.538993
1.209		0.510218		0.538993		0.538993		0.538993
1.21		0.510423		0.538993		0.538993		0.538993
1.211		0.510617		0.538993		0.538993		0.538993
1.212		0.510804		0.538993		0.538993		0.538993
1.213		0.510985		0.538993		0.538993		0.538993
1.214		0.511156		0.538993		0.538993		0.538993
1.215		0.511339		0.538993		0.538993		0.538993
1.216		0.511525		0.538993		0.538993		0.538993
1.217		0.511708		0.538993		0.538993		0.538993
1.218		0.511886		0.538993		0.538993		0.538993
1.219		0.512058		0.538993		0.538993		0.538993
1.22		0.512231		0.538993		0.538993		0.538993
1.221		0.512435		0.538993		0.538993		0.538993
1.222		0.512637		0.538993		0.538993		0.538993
1.223		0.512831		0.538993		0.538993		0.538993
1.224		0.513023		0.538993		0.538993		0.538993
1.225		0.513237		0.538993		0.538993		0.538993
1.226		0.513445		0.538993		0.538993		0.538993
1.227		0.513645		0.538993		0.538993		0.538993
1.228		0.51384		0.538993		0.538993		0.538993
1.229		0.51403		0.538993		0.538993		0.538993
1.23		0.514214		0.538993		0.538993		0.538993
1.231		0.514392		0.538993		0.538993		0.538993
1.232		0.514565		0.538993		0.538993		0.538993
1.233		0.514732		0.538993		0.538993		0.538993
1.234		0.514903		0.538993		0.538993		0.538993
1.235		0.515119		0.538993		0.538993		0.538993
1.236		0.515328		0.538993		0.538993		0.538993
1.237		0.515531		0.538993		0.538993		0.538993
1.238		0.515727		0.538993		0.538993		0.538993
1.239		0.515916		0.538993		0.538993		0.538993
1.24		0.516099		0.538993		0.538993		0.538993
1.241		0.516276		0.538993		0.538993		0.538993
1.242		0.516445		0.538993		0.538993		0.538993
1.243		0.516614		0.538993		0.538993		0.538993
1.244		0.516784		0.538993		0.538993		0.538993
1.245		0.516972		0.538993		0.538993		0.538993
1.246		0.517154		0.538993		0.538993		0.538993
1.247		0.517332		0.538993		0.538993		0.538993
1.248		0.517504		0.538993		0.538993		0.538993
1.249		0.517679		0.538993		0.538993		0.538993
1.25		0.517876		0.538993		0.538993		0.538993
1.251		0.518069		0.538993		0.538993		0.538993
1.252		0.518256		0.538993		0.538993		0.538993
1.253		0.518437		0.538993		0.538993		0.538993
1.254		0.518614		0.538993		0.538993		0.538993
1.255		0.518801		0.538993		0.538993		0.538993
1.256		0.51899		0.538993		0.538993		0.538993
1.257		0.519176		0.538993		0.538993		0.538993
1.258		0.519355		0.538993		0.538993		0.538993
1.259		0.519529		0.538993		0.538993		0.538993
1.26		0.519698		0.538993		0.538993		0.538993
1.261		0.519863		0.538993		0.538993		0.538993
1.262		0.520025		0.538993		0.538993		0.538993
1.263		0.52018		0.538993		0.538993		0.538993
1.264		0.52033		0.538993		0.538993		0.538993
1.265		0.520494		0.538993		0.538993		0.538993
1.266		0.520674		0.538993		0.538993		0.538993
1.267		0.520855		0.538993		0.538993		0.538993
1.268		0.521033		0.538993		0.538993		0.538993
1.269		0.521207		0.538993		0.538993		0.538993
1.27		0.521382		0.538993		0.538993		0.538993
1.271		0.521552		0.538993		0.538993		0.538993
1.272		0.521718		0.538993		0.538993		0.538993
1.273		0.521882		0.538993		0.538993		0.538993
1.274		0.522045		0.538993		0.538993		0.538993
1.275		0.522202		0.538993		0.538993		0.538993
1.276		0.522356		0.538993		0.538993		0.538993
1.277		0.522514		0.538993		0.538993		0.538993
1.278		0.522682		0.538993		0.538993		0.538993
1.279		0.522847		0.538993		0.538993		0.538993
1.28		0.523007		0.538993		0.538993		0.538993
1.281		0.523182		0.538993		0.538993		0.538993
1.282		0.523354		0.538993		0.538993		0.538993
1.283		0.523523		0.538993		0.538993		0.538993
1.284		0.523688		0.538993		0.538993		0.538993
1.285		0.523849		0.538993		0.538993		0.538993
1.286		0.524004		0.538993		0.538993		0.538993
1.287		0.524155		0.538993		0.538993		0.538993
1.288		0.524303		0.538993		0.538993		0.538993
1.289		0.524459		0.538993		0.538993		0.538993
1.29		0.524616		0.538993		0.538993		0.538993
1.291		0.524769		0.538993		0.538993		0.538993
1.292		0.524917		0.538993		0.538993		0.538993
1.293		0.525062		0.538993		0.538993		0.538993
1.294		0.525203		0.538993		0.538993		0.538993
1.295		0.525341		0.538993		0.538993		0.538993
1.296		0.525477		0.538993		0.538993		0.538993
1.297		0.525615		0.538993		0.538993		0.538993
1.298		0.525761		0.538993		0.538993		0.538993
1.299		0.525903		0.538993		0.538993		0.538993
1.3		0.526041		0.538993		0.538993		0.538993
1.301		0.526188		0.538993		0.538993		0.538993
1.302		0.526339		0.538993		0.538993		0.538993
1.303		0.526489		0.538993		0.538993		0.538993
1.304		0.526636		0.538993		0.538993		0.538993
1.305		0.526781		0.538993		0.538993		0.538993
1.306		0.526923		0.538993		0.538993		0.538993
1.307		0.527061		0.538993		0.538993		0.538993
1.308		0.527197		0.538993		0.538993		0.538993
1.309		0.52733		0.538993		0.538993		0.538993
1.31		0.527461		0.538993		0.538993		0.538993
1.311		0.52759		0.538993		0.538993		0.538993
1.312		0.527717		0.538993		0.538993		0.538993
1.313		0.527845		0.538993		0.538993		0.538993
1.314		0.527984		0.538993		0.538993		0.538993
1.315		0.528129		0.538993		0.538993		0.538993
1.316		0.528269		0.538993		0.538993		0.538993
1.317		0.528405		0.538993		0.538993		0.538993
1.318		0.528536		0.538993		0.538993		0.538993
1.319		0.528663		0.538993		0.538993		0.538993
1.32		0.528787		0.538993		0.538993		0.538993
1.321		0.528909		0.538993		0.538993		0.538993
1.322		0.529026		0.538993		0.538993		0.538993
1.323		0.52914		0.538993		0.538993		0.538993
1.324		0.529251		0.538993		0.538993		0.538993
1.325		0.529364		0.538993		0.538993		0.538993
1.326		0.529483		0.538993		0.538993		0.538993
1.327		0.529606		0.538993		0.538993		0.538993
1.328		0.529728		0.538993		0.538993		0.538993
1.329		0.529847		0.538993		0.538993		0.538993
1.33		0.529964		0.538993		0.538993		0.538993
1.331		0.530078		0.538993		0.538993		0.538993
1.332		0.530198		0.538993		0.538993		0.538993
1.333		0.530318		0.538993		0.538993		0.538993
1.334		0.530435		0.538993		0.538993		0.538993
1.335		0.530549		0.538993		0.538993		0.538993
1.336		0.530662		0.538993		0.538993		0.538993
1.337		0.530773		0.538993		0.538993		0.538993
1.338		0.530883		0.538993		0.538993		0.538993
1.339		0.530996		0.538993		0.538993		0.538993
1.34		0.531113		0.538993		0.538993		0.538993
1.341		0.531227		0.538993		0.538993		0.538993
1.342		0.531338		0.538993		0.538993		0.538993
1.343		0.531446		0.538993		0.538993		0.538993
1.344		0.53155		0.538993		0.538993		0.538993
1.345		0.531651		0.538993		0.538993		0.538993
1.346		0.531748		0.538993		0.538993		0.538993
1.347		0.531842		0.538993		0.538993		0.538993
1.348		0.531933		0.538993		0.538993		0.538993
1.349		0.532022		0.538993		0.538993		0.538993
1.35		0.532115		0.538993		0.538993		0.538993
1.351		0.532207		0.538993		0.538993		0.538993
1.352		0.532296		0.538993		0.538993		0.538993
1.353		0.532396		0.538993		0.538993		0.538993
1.354		0.532493		0.538993		0.538993		0.538993
1.355		0.532588		0.538993		0.538993		0.538993
1.356		0.53268		0.538993		0.538993		0.538993
1.357		0.532771		0.538993		0.538993		0.538993
1.358		0.53286		0.538993		0.538993		0.538993
1.359		0.532946		0.538993		0.538993		0.538993
1.36		0.53303		0.538993		0.538993		0.538993
1.361		0.533113		0.538993		0.538993		0.538993
1.362		0.533194		0.538993		0.538993		0.538993
1.363		0.533274		0.538993		0.538993		0.538993
1.364		0.533352		0.538993		0.538993		0.538993
1.365		0.533428		0.538993		0.538993		0.538993
1.366		0.533504		0.538993		0.538993		0.538993
1.367		0.533589		0.538993		0.538993		0.538993
1.368		0.533674		0.538993		0.538993		0.538993
1.369		0.533759		0.538993		0.538993		0.538993
1.37		0.533842		0.538993		0.538993		0.538993
1.371		0.533922		0.538993		0.538993		0.538993
1.372		0.534		0.538993		0.538993		0.538993
1.373		0.534076		0.538993		0.538993		0.538993
1.374		0.534149		0.538993		0.538993		0.538993
1.375		0.534219		0.538993		0.538993		0.538993
1.376		0.534287		0.538993		0.538993		0.538993
1.377		0.534354		0.538993		0.538993		0.538993
1.378		0.534418		0.538993		0.538993		0.538993
1.379		0.53448		0.538993		0.538993		0.538993
1.38		0.534543		0.538993		0.538993		0.538993
1.381		0.534615		0.538993		0.538993		0.538993
1.382		0.534686		0.538993		0.538993		0.538993
1.383		0.534753		0.538993		0.538993		0.538993
1.384		0.534817		0.538993		0.538993		0.538993
1.385		0.534878		0.538993		0.538993		0.538993
1.386		0.534935		0.538993		0.538993		0.538993
1.387		0.534993		0.538993		0.538993		0.538993
1.388		0.535049		0.538993		0.538993		0.538993
1.389		0.535101		0.538993		0.538993		0.538993
1.39		0.535152		0.538993		0.538993		0.538993
1.391		0.5352		0.538993		0.538993		0.538993
1.392		0.535247		0.538993		0.538993		0.538993
1.393		0.535291		0.538993		0.538993		0.538993
1.394		0.535335		0.538993		0.538993		0.538993
1.395		0.535384		0.538993		0.538993		0.538993
1.396		0.535436		0.538993		0.538993		0.538993
1.397		0.535488		0.538993		0.538993		0.538993
1.398		0.535537		0.538993		0.538993		0.538993
1.399		0.535584		0.538993		0.538993		0.538993
1.4		0.535629		0.538993		0.538993		0.538993
1.401		0.535673		0.538993		0.538993		0.538993
1.402		0.535715		0.538993		0.538993		0.538993
1.403		0.535755		0.538993		0.538993		0.538993
1.404		0.535792		0.538993		0.538993		0.538993
1.405		0.535828		0.538993		0.538993		0.538993
1.406		0.535862		0.538993		0.538993		0.538993
1.407		0.535895		0.538993		0.538993		0.538993
1.408		0.535926		0.538993		0.538993		0.538993
1.409		0.535957		0.538993		0.538993		0.538993
1.41		0.535992		0.538993		0.538993		0.538993
1.411		0.536029		0.538993		0.538993		0.538993
1.412		0.536062		0.538993		0.538993		0.538993
1.413		0.536093		0.538993		0.538993		0.538993
1.414		0.536122		0.538993		0.538993		0.538993
1.415		0.536147		0.538993		0.538993		0.538993
1.416		0.53617		0.538993		0.538993		0.538993
1.417		0.536192		0.538993		0.538993		0.538993
1.418		0.536212		0.538993		0.538993		0.538993
1.419		0.536231		0.538993		0.538993		0.538993
1.42		0.536248		0.538993		0.538993		0.538993
1.421		0.536263		0.538993		0.538993		0.538993
1.422		0.536277		0.538993		0.538993		0.538993
1.423		0.53629		0.538993		0.538993		0.538993
1.424		0.5363		0.538993		0.538993		0.538993
1.425		0.536313		0.538993		0.538993		0.538993
1.426		0.536329		0.538993		0.538993		0.538993
1.427		0.536341		0.538993		0.538993		0.538993
1.428		0.536351		0.538993		0.538993		0.538993
1.429		0.536359		0.538993		0.538993		0.538993
1.43		0.536365		0.538993		0.538993		0.538993
1.431		0.536369		0.538993		0.538993		0.538993
1.432		0.536371		0.538993		0.538993		0.538993
1.433		0.536372		0.538993		0.538993		0.538993
1.434		0.536372		0.538993		0.538993		0.538993
1.435		0.536371		0.538993		0.538993		0.538993
1.436		0.536369		0.538993		0.538993		0.538993
1.437		0.536368		0.538993		0.538993		0.538993
1.438		0.536365		0.538993		0.538993		0.538993
1.439		0.536359		0.538993		0.538993		0.538993
1.44		0.536351		0.538993		0.538993		0.538993
1.441		0.536349		0.538993		0.538993		0.538993
1.442		0.536343		0.538993		0.538993		0.538993
1.443		0.536334		0.538993		0.538993		0.538993
1.444		0.536322		0.538993		0.538993		0.538993
1.445		0.536306		0.538993		0.538993		0.538993
1.446		0.536288		0.538993		0.538993		0.538993
1.447		0.536269		0.538993		0.538993		0.538993
1.448		0.536248		0.538993		0.538993		0.538993
1.449		0.536224		0.538993		0.538993		0.538993
1.45		0.536199		0.538993		0.538993		0.538993
1.451		0.536172		0.538993		0.538993		0.538993
1.452		0.536145		0.538993		0.538993		0.538993
1.453		0.536116		0.538993		0.538993		0.538993
1.454		0.536086		0.538993		0.538993		0.538993
1.455		0.536055		0.538993		0.538993		0.538993
1.456		0.536024		0.538993		0.538993		0.538993
1.457		0.535998		0.538993		0.538993		0.538993
1.458		0.535971		0.538993		0.538993		0.538993
1.459		0.53594		0.538993		0.538993		0.538993
1.46		0.535907		0.538993		0.538993		0.538993
1.461		0.535867		0.538993		0.538993		0.538993
1.462		0.535824		0.538993		0.538993		0.538993
1.463		0.53578		0.538993		0.538993		0.538993
1.464		0.535734		0.538993		0.538993		0.538993
1.465		0.535688		0.538993		0.538993		0.538993
1.466		0.53564		0.538993		0.538993		0.538993
1.467		0.535592		0.538993		0.538993		0.538993
1.468		0.535543		0.538993		0.538993		0.538993
1.469		0.535494		0.538993		0.538993		0.538993
1.47		0.535443		0.538993		0.538993		0.538993
1.471		0.535391		0.538993		0.538993		0.538993
1.472		0.535338		0.538993		0.538993		0.538993
1.473		0.53529		0.538993		0.538993		0.538993
1.474		0.53524		0.538993		0.538993		0.538993
1.475		0.535187		0.538993		0.538993		0.538993
1.476		0.535132		0.538993		0.538993		0.538993
1.477		0.535075		0.538993		0.538993		0.538993
1.478		0.535012		0.538993		0.538993		0.538993
1.479		0.534938		0.538993		0.538993		0.538993
1.48		0.534862		0.538993		0.538993		0.538993
1.481		0.534784		0.538993		0.538993		0.538993
1.482		0.534707		0.538993		0.538993		0.538993
1.483		0.534627		0.538993		0.538993		0.538993
1.484		0.534547		0.538993		0.538993		0.538993
1.485		0.534464		0.538993		0.538993		0.538993
1.486		0.53438		0.538993		0.538993		0.538993
1.487		0.534294		0.538993		0.538993		0.538993
1.488		0.534207		0.538993		0.538993		0.538993
1.489		0.534121		0.538993		0.538993		0.538993
1.49		0.534038		0.538993		0.538993		0.538993
1.491		0.533953		0.538993		0.538993		0.538993
1.492		0.533868		0.538993		0.538993		0.538993
1.493		0.533781		0.538993		0.538993		0.538993
1.494		0.533696		0.538993		0.538993		0.538993
1.495		0.533608		0.538993		0.538993		0.538993
1.496		0.533515		0.538993		0.538993		0.538993
1.497		0.533402		0.538993		0.538993		0.538993
1.498		0.533293		0.538993		0.538993		0.538993
1.499		0.533183		0.538993		0.538993		0.538993
1.5		0.533073		0.538993		0.538993		0.538993
