* Copyright (c) 1994-2017 Synopsys, Inc.
* This parameter file and the associated documentation are proprietary
* to Synopsys, Inc.  This parameter file may only be used in accordance
* with the terms and conditions of a written license agreement with
* Synopsys, Inc.  All other use, reproduction, or distribution of this
* parameter file is strictly prohibited.


Resistivity
{ * Resist(T) = Resist0 * ( 1 + TempCoef * ( T - 273 ) )
	Resist0	= 1.2600e-05	# [ohm*cm]
	TempCoef	= 3.5000e-03	# [1/K]
}

* Reference: SOPRA N&K Database
ComplexRefractiveIndex {
  TableInterpolation = PositiveSpline, PositiveSpline
  Formula = 1
  NumericalTable(
    0.1800  1.20774 2.065205;
    0.1900  1.316755  2.260065;
    0.2000  1.48  2.45;
    0.2100  1.720912  2.598338;
    0.2200  2.016951  2.66775;
    0.2300  2.321471  2.604213;
    0.2400  2.54161 2.400758;
    0.2500  2.572579  2.154195;
    0.2600  2.480464  2.088274;
    0.2700  2.414541  2.052975;
    0.2800  2.372254  2.04366;
    0.2900  2.351044  2.055692;
    0.3000  2.348354  2.084435;
    0.3100  2.361625  2.125252;
    0.3200  2.388301  2.173506;
    0.3300  2.425822  2.224561;
    0.3400  2.471636  2.273829;
    0.3500  2.52297 2.313705;
    0.3600  2.576122  2.323725;
    0.3700  2.630314  2.323869;
    0.3800  2.68343 2.31562;
    0.3900  2.733411  2.300048;
    0.4000  2.776369  2.27817;
    0.4100  2.805519  2.250694;
    0.4200  2.827264  2.219278;
    0.4300  2.841735  2.185115;
    0.4400  2.848885  2.149456;
    0.4500  2.848305  2.114728;
    0.4600  2.839252  2.084477;
    0.4700  2.823172  2.054883;
    0.4800  2.80048 2.025856;
    0.4900  2.771415  1.997324;
    0.5000  2.737603  1.967574;
    0.5100  2.700764  1.934722;
    0.5200  2.657433  1.903712;
    0.5300  2.6069  1.875862;
    0.5400  2.548706  1.852421;
    0.5500  2.47794 1.834908;
    0.5600  2.391179  1.824749;
    0.5700  2.298247  1.822568;
    0.5800  2.201368  1.829451;
    0.5900  2.102607  1.846289;
    0.6000  2.006822  1.877807;
    0.6100  1.91713 1.926347;
    0.6200  1.830121  1.985327;
    0.6300  1.746458  2.053735;
    0.6400  1.666745  2.130431;
    0.6500  1.591944  2.215719;
    0.6600  1.522716  2.308684;
    0.6700  1.459061  2.405752;
    0.6800  1.401485  2.505086;
    0.6900  1.350147  2.605323;
    0.7000  1.308842  2.70028;
    0.7100  1.277696  2.788593;
    0.7200  1.251963  2.875185;
    0.7300  1.230646  2.96012;
    0.7400  1.212715  3.043608;
    0.7500  1.19474 3.12641;
    0.7600  1.176222  3.208536;
    0.7700  1.159275  3.289673;
    0.7800  1.143788  3.369617;
    0.7900  1.129663  3.448425;
    0.8000  1.117038  3.525918;
    0.8100  1.105745  3.602155;
    0.8200  1.095448  3.677328;
    0.8300  1.085986  3.751492;
    0.8400  1.077196  3.824705;
    0.8500  1.068523  3.896868;
    0.8600  1.06003 3.968127;
    0.8700  1.051964  4.038717;
    0.8800  1.04432 4.108688;
    0.8900  1.037069  4.178371;
    0.9000  1.030223  4.247684;
    0.9100  1.023604  4.319156;
    0.9200  1.017208  4.392921;
    0.9300  1.011101  4.468182;
    0.9400  1.005343  4.544141;
    0.9500  1 4.62;
    0.9600  .99644  4.687176;
    0.9700  .993438 4.752549;
    0.9800  .990878 4.816387;
    0.9900  .988645 4.878958;
    1.0000  .986624 4.940531;
    1.010 .984698 5.001373;
    1.020 .982751 5.061754;
    1.030 .980669 5.121941;
    1.040 .976805 5.185;
    1.050 .971979 5.249489;
    1.060 .966894 5.31418;
    1.070 .961601 5.379036;
    1.080 .956152 5.444019;
    1.090 .950599 5.50909;
    1.100 .944993 5.574213;
    1.110 .939386 5.639348;
    1.120 .933831 5.704458;
    1.130 .928819 5.768796;
    1.140 .924996 5.831369;
    1.150 .921325 5.893892;
    1.160 .917773 5.956459;
    1.170 .914312 6.019166;
    1.180 .910909 6.082107;
    1.190 .907535 6.145379;
    1.200 .904157 6.209074;
    1.210 .900746 6.273289;
    1.220 .89727  6.338118;
    1.230 .893698 6.403657;
    1.240 .89 6.47;
    1.250 .885982 6.53822;
    1.260 .881984 6.606184;
    1.270 .878062 6.67312;
    1.280 .874242 6.738704;
    1.290 .870494 6.803601;
    1.300 .866816 6.868038;
    1.310 .863201 6.932237;
    1.320 .859577 6.996549;
    1.330 .855398 7.06216;
    1.340 .851392 7.127992;
    1.350 .847688 7.194033;
    1.360 .844412 7.260278;
    1.370 .841691 7.326716;
    1.380 .839975 7.393406;
    1.390 .84031  7.460529;
    1.400 .841317 7.527765;
    1.410 .842869 7.595052;
    1.420 .844837 7.66233;
    1.430 .847093 7.729535;
    1.440 .849509 7.796607;
    1.450 .850901 7.863115;
    1.460 .852037 7.929311;
    1.470 .853233 7.995288;
    1.480 .854536 8.061046;
    1.490 .855996 8.126584;
    1.500 .857661 8.191904;
    1.510 .859581 8.257007;
    1.520 .862505 8.321619;
    1.530 .865905 8.385966;
    1.540 .869559 8.450153;
    1.550 .87342  8.514217;
    1.560 .877442 8.578197;
    1.570 .881578 8.642129;
    1.580 .885779 8.706051;
    1.590 .89 8.77;
    1.600 .893536 8.834834;
    1.610 .897043 8.899713;
    1.620 .900533 8.964601;
    1.630 .904019 9.029461;
    1.640 .907515 9.094255;
    1.650 .911031 9.15895;
    1.660 .914582 9.223506;
    1.670 .91818  9.287887;
    1.680 .922005 9.3516;
    1.690 .926066 9.414623;
    1.700 .930183 9.477437;
    1.710 .934345 9.540071;
    1.720 .93854  9.602554;
    1.730 .942755 9.664919;
    1.740 .94698  9.727194;
    1.750 .9512 9.789409;
    1.760 .955406 9.851594;
    1.770 .959584 9.91378;
    1.780 .963312 9.976133;
    1.790 .966957 10.03856;
    1.800 .970578 10.10106;
    1.810 .974189 10.16366;
    1.820 .977805 10.22638;
    1.830 .98144  10.28924;
    1.840 .985108 10.35226;
    1.850 .988823 10.41547;
    1.860 .992601 10.47888;
    1.870 .996455 10.54252;
    1.880 1.000428  10.60661;
    1.890 1.00477 10.67284;
    1.900 1.009221  10.73929;
    1.910 1.013784  10.8059;
    1.920 1.018459  10.87258;
    1.930 1.023247  10.93927;
    1.940 1.028149  11.00589;
    1.950 1.033165  11.07236;
    1.960 1.038297  11.13862;
    1.970 1.043546  11.20459;
    1.980 1.048912  11.27019;
    1.990 1.054396  11.33535;
    2.000 1.06  11.4;
    2.010 1.066018  11.46087;
    2.020 1.072153  11.52113;
    2.030 1.078394  11.58081;
    2.040 1.084733  11.63997;
    2.050 1.091159  11.69863;
    2.060 1.097664  11.75685;
    2.070 1.104237  11.81465;
    2.080 1.110869  11.87209;
    2.090 1.11755 11.92919;
    2.100 1.12427 11.98601;
    2.110 1.131021  12.04258;
    2.120 1.137792  12.09894;
    2.130 1.144574  12.15514;
    2.140 1.151275  12.21125;
    2.150 1.157642  12.26744;
    2.160 1.163998  12.32359;
    2.170 1.170342  12.37972;
    2.180 1.176678  12.43587;
    2.190 1.183005  12.49207;
    2.200 1.189327  12.54836;
    2.210 1.195644  12.60477;
    2.220 1.201958  12.66134;
    2.230 1.20827 12.71811;
    2.240 1.214582  12.77509;
    2.250 1.220896  12.83234;
    2.260 1.227212  12.88988;
    2.270 1.233533  12.94775;
    2.280 1.23986 13.00598;
    2.290 1.246195  13.06462;
    2.300 1.252539  13.12368;
    2.310 1.258893  13.18321;
    2.320 1.265259  13.24324;
    2.330 1.271639  13.30381;
    2.340 1.278034  13.36495;
    2.350 1.284446  13.42669;
    2.360 1.290875  13.48907;
    2.370 1.297325  13.55212;
    2.380 1.303795  13.61588;
    2.390 1.310289  13.68039;
    2.400 1.316806  13.74567;
    2.410 1.323349  13.81176;
    2.420 1.32992 13.8787;
    2.430 1.336519  13.94651;
    2.440 1.343149  14.01524;
    2.450 1.34981 14.08492;
    2.460 1.356505  14.15559;
    2.470 1.363234  14.22727;
    2.480 1.37  14.3;
  )
}

